11 4 0.471405 code.c
15 15 0.710669 code.c
13 8 0.471405 code.c
10 1 0.471405 code.c
11 3 0.471405 code.c
17 21 0.710669 code.c
19 26 1.000000 code.c
-1 19 0.710669 
17 32 1.000000 code.c
15 17 0.710669 code.c
19 27 1.000000 code.c
17 22 0.710669 code.c
-1 28 0.748331 
12 5 0.471405 code.c
25 33 0.000000 code.c
14 10 0.471405 code.c
13 7 0.471405 code.c
17 20 0.710669 code.c
19 25 1.000000 code.c
19 30 0.748331 code.c
16 14 0.000000 code.c
23 31 1.000000 code.c
16 12 0.000000 code.c
-1 23 1.000000 
15 11 0.471405 code.c
14 9 0.471405 code.c
15 13 0.575435 code.c
12 6 0.471405 code.c
10 2 0.471405 code.c
